5.000000000000000278e-02
1.000000000000000056e-01
1.500000000000000222e-01
2.000000000000000111e-01
2.500000000000000000e-01
2.999999999999999889e-01
3.500000000000000333e-01
4.000000000000000222e-01
4.499999999999999556e-01
5.000000000000000000e-01
5.500000000000000444e-01
6.000000000000000888e-01
6.500000000000001332e-01
7.000000000000000666e-01
7.500000000000002220e-01
8.000000000000000444e-01
8.500000000000000888e-01
9.000000000000001332e-01
9.500000000000000666e-01
1.000000000000000000e+00
1.050000000000000044e+00
1.492537313432835688e+00
1.655629139072847478e+00
1.858736059479553893e+00
2.118644067796609853e+00
2.463054187192117883e+00
2.941176470588235059e+00
3.649635036496349905e+00
4.807692307692307487e+00
7.042253521126760063e+00
1.315789473684211330e+01
1.000000000000000000e+02
